5
0001110000000000000000000
0001001100000000000000000
0011001010000000000000000
0010000001000000000000110
0101010000100000000001001
0100010000010000011110001
1001100000011111100001001
1001010000001111100000101
0110001000000111000000101
0000001000000010000000101
0000001000000110000000101
0000000100000000010000101
0000000101111111101000001
0000000100100000000100101
0000000101000000000101101
0000000101000000000101101
0000000101000000000101101
0000000100100000000100101
0000000101000000000101011
0000001111000000001111001